48
51
73
47
47
78
60
20
99
69
81
31
42
2
30
41
70
52
43
70
1
48
32
81
51
16
70
76
67
89
24
65
89
13
39
48
13
61
67
100
86
70
47
35
56
9
77
1
52
22
44
65
16
65
13
77
83
67
66
67
65
84
58
55
91
76
73
98
85
32
8
96
21
76
40
5
29
80
1
56
90
20
18
74
99
51
5
38
51
34
15
99
77
66
22
35
33
78
23
57
16
10
47
57
49
7
55
20
93
77
57
42
84
26
75
16
29
97
68
98
10
27
57
55
28
2
74
61
1
16
34
92
76
48
26
11
26
36
92
33
54
27
88
15
1
27
7
46
40
34
78
27
22
76
55
11
38
45
87
75
19
36
80
27
33
98
65
4
79
33
53
34
95
40
1
49
43
32
74
18
70
23
67
3
37
7
25
8
48
69
56
56
91
60
76
46
6
34
64
39
21
97
37
35
3
15
94
27
81
38
47
71
36
56
92
18
54
7
50
61
11
96
36
76
31
26
17
5
44
100
15
74
1
12
20
20
5
92
30
60
71
24
4
54
52
57
42
53
63
93
30
68
19
44
49
32
30
33
61
99
14
91
26
34
94
87
68
2
25
7
87
70
80
13
1
51
5
54
79
27
92
34
51
68
32
87
69
70
29
25
95
53
20
74
20
45
86
100
29
91
31
3
62
64
95
12
37
78
85
76
89
20
15
45
13
80
44
34
82
82
67
54
99
90
91
84
74
4
77
28
48
57
99
28
51
5
14
14
23
100
23
91
8
75
24
84
99
67
23
66
80
7
79
61
86
62
53
78
78
36
48
38
85
4
2
55
37
47
83
15
49
23
78
52
93
64
33
40
10
11
32
76
78
77
40
51
78
58
89
34
46
25
38
5
89
52
25
51
45
45
82
44
78
7
99
16
62
43
39
74
1
44
64
61
95
47
31
12
11
51
77
60
73
93
68
47
24
71
89
3
77
56
53
6
54
99
77
20
40
7
50
56
70
25
20
19
49
79
28
82
94
26
59
15
60
86
100
79
23
58
63
73
19
77
38
2
16
88
13
65
54
70
45
73
79
30
45
12
72
30
80
52
44
47
3
11
81
98
98
6
84
28
89
18
63
43
79
89
93
37
88
60
15
50
61
79
77
76
16
91
9
90
91
61
87
77
64
4
35
82
14
88
16
34
65
8
52
12
23
93
46
77
38
72
49
85
71
91
12
15
59
64
92
48
8
5
7
92
35
47
48
20
36
32
60
99
45
33
56
8
72
1
37
71
94
42
70
13
76
39
57
58
34
92
97
96
1
53
16
53
83
74
72
54
52
29
90
57
88
72
1
32
56
41
63
92
15
82
97
32
59
43
86
76
75
88
98
27
61
15
1
79
3
62
78
12
5
53
51
6
74
63
83
78
69
7
84
34
26
1
60
78
78
58
64
30
33
96
85
28
22
29
4
70
9
38
4
16
17
86
34
61
83
54
10
41
81
45
72
81
39
31
42
82
61
100
60
99
2
97
44
40
20
37
53
44
75
86
35
2
9
58
46
51
90
52
33
8
4
54
48
91
35
39
60
10
61
95
84
73
92
24
82
2
96
19
84
90
4
8
64
41
17
31
1
92
64
100
37
24
42
11
42
75
97
54
12
99
58
46
93
94
84
89
44
70
82
10
25
32
32
19
23
73
74
33
86
82
4
94
42
13
43
16
11
18
16
77
11
19
32
60
24
31
39
83
41
24
33
50
56
97
91
90
99
30
25
69
17
66
43
9
74
28
51
37
100
37
1
71
53
74
50
29
19
59
86
98
25
98
85
4
8
88
93
77
38
18
79
37
69
69
81
87
95
42
79
13
14
61
47
91
88
58
80
83
45
86
28
40
18
29
97
65
14
35
3
95
15
65
85
80
83
56
15
53
48
17
56
91
34
50
75
2
8
11
46
79
93
29
9
80
86
78
34
88
90
87
67
72
56
9
72
53
82
69
98
86
74
20
69
75
22
4
23
90
96
41
11
66
3
83
47
37
79
79
45
83
42
25
71
38
91
4
46
58
36
60
9
78
37
95
81
65
17
8
7
68
92
9
23
28
98
86
64
20
62
29
40
35
14
50
85
25
89
26
64
82
15
13
38
17
5
76
68
77
95
14
99
14
96
38
16
2
79
100
45
39
31
29
93
2
80
13
62
22
85
56
97
13
6
27
71
82
47
74
7
10
85
38
17
56
32
37
41
73
5
75
86
37
64
70
74
29
80
49
12
6
20
23