40
88
87
40
47
52
58
67
58
29
58
65
20
3
10
35
44
55
56
74
12
98
57
45
25
52
17
39
40
2
61
79
56
26
85
9
9
38
15
37
4
85
29
49
98
56
36
19
68
81
20
88
21
6
99
24
36
78
34
33
38
14
38
57
75
83
43
81
48
63
96
99
60
65
99
73
26
93
52
52
30
29
80
28
72
68
96
67
67
58
67
67
100
75
4
43
72
18
52
88
96
79
41
34
50
38
20
74
23
73
58
54
55
12
69
93
74
13
97
34
25
43
1
60
71
87
70
67
95
78
34
33
1
32
80
96
28
74
8
99
8
28
38
17
22
20
58
11
83
52
34
29
4
53
66
9
53
57
44
57
49
76
69
81
23
73
29
3
32
3
23
58
97
41
26
74
70
25
4
44
72
2
91
46
6
68
91
72
10
34
50
99
28
50
73
52
84
44
49
72
