92
75
12
82
81
19
89
51
63
50
21
63
33
76
34
92
80
53
30
8
78
36
54
98
39
83
78
59
59
93
6
97
98
8
27
96
48
69
87
48
35
58
35
9
12
74
36
22
91
50
38
87
10
90
36
78
19
52
99
25
81
71
12
74
77
29
86
60
85
23
95
71
16
35
93
89
69
37
5
80
94
98
48
88
61
47
46
57
61
99
21
16
5
31
9
95
28
76
86
1
42
92
74
55
47
8
89
92
77
9
84
72
97
67
83
89
65
90
73
71
42
83
85
25
24
97
80
8
36
45
1
44
78
90
7
32
58
90
85
87
34
77
100
74
63
53
20
31
70
27
64
15
85
49
4
64
24
48
50
61
18
52
7
71
7
82
52
92
88
57
79
1
69
4
63
95
61
100
82
4
63
3
29
40
100
96
68
71
62
68
73
27
90
51
77
70
78
66
67
28
9
50
46
38
23
11
83
81
46
87
3
66
5
54
93
63
64
61
82
67
95
13
80
80
97
78
49
14
80
71
77
54
96
37
91
43
25
3
76
92
60
6
50
81
13
90
68
22
42
71
73
87
26
59
10
53
57
99
93
98
44
73
50
76
6
54
85
64
17
9
25
45
54
82
7
23
14
24
26
12
17
72
52
87
57
100
83
40
3
6
79
38
23
45
36
32
95
26
73
99
17
55
97
99
55
22
69
17
78
41
16
75
67
71
6
87
19
96
86
89
67
18
36
13
93
75
36
59
45
28
73
71
24
24
9
40
61
56
73
75
61
52
43
73
60
3
27
32
93
84
91
60
30
43
84
49
63
97
52
74
32
73
42
8
45
33
15
67
53
32
31
98
48
14
28
90
79
43
89
38
75
96
35
53
88
67
79
4
83
32
51
6
20
55
8
13
88
34
47
22
50
51
43
32
50
44
62
23
45
35
36
59
84
4
76
95
9
45
42
44
96
71
93
53
43
16
29
36
60
91
98
37
51
18
39
1
79
24
93
84
63
5
71
9
16
46
96
25
82
9
91
78
56
62
72
80
11
100
78
45
90
17
8
19
73
71
37
11
96
50
67
94
44
66
31
58
29
11
99
36
32
73
36
2
95
8
55
19
98
70
54
21
84
73
24
43
21
81
37
54
63
86
72
56
75
89
24
58
11
32
93
55
60
65
62
95
99
95
84
54
17
21
35
60
3
38
89
14
62
20
51
15
56
23
52
28
13
59
46
14
55
56
48
39
99
22
16
87
33
11
84
71
56
75
41
6
10
84
90
1
45
17
70
24
1
19
25
81
80
66
50
55
64
86
52
86
39
87
64
34
82
70
58
12
37
63
97
85
52
98
50
35
47
14
48
28
88
53
55
25
84
2
65
95
86
71
28
9
20
94
96
11
62
39
98
38
21
75
19
39
62
78
68
80
1
61
19
73
98
91
96
86
99
36
78
29
65
10
55
59
19
83
34
32
3
42
34
72
1
94
1
27
24
19
18
23
28
15
6
34
39
7
18
1
94
75
88
10
100
30
26
76
3
78
7
41
2
36
32
68
19
39
68
86
30
35
6
84
97
95
15
32
36
64
22
73
38
97
20
23
46
52
38
44
83
99
14
56
29
92
10
54
78
35
95
91
1
92
79
55
66
13
69
47
37
91
81
6
60
58
87
24
52
5
78
80
56
26
26
25
69
29
100
27
77
14
58
10
61
11
41
45
3
55
35
27
29
92
16
94
12
77
19
90
12
7
73
48
3
95
64
73
83
54
8
43
58
23
56
61
82
5
25
10
42
99
95
75
30
73
95
77
53
38
20
57
66
79
24
52
20
26
49
38
19
54
3
24
82
63
23
97
9
89
85
61
20
15
2
17
51
91
30
25
72
49
30
88
28
12
3
25
76
19
89
41
77
12
55
22
79
8
59
98
33
56
85
67
5
65
78
29
41
29
63
58
86
91
81
79
43
46
98
27
76
55
70
20
97
54
27
27
71
59
17
31
81
75
75
56
81
21
74
97
27
100
91
2
78
73
14
94
17
38
97
100
14
18
22
52
69
72
8
70
12
97
62
54
44
58
42
43
87
98
53
85
18
7
86
65
5
2
97
85
21
9
77
2
93
4
35
16
3
30
20
99
37
6
25
59
2
1
82
20
89
100
75
17
74
95
16
79
38
74
81
48
61
22
23
92
36
38
57
2
74
12
51
60
32
69
13
57
47
25
68
30
24
94
4
79
72
24
67
45
33
23
13
57
43
58
70
24
2
87
2
94
99
62
9
86
