24
93
68
26
92
17
2
94
23
1
15
49
26
43
87
33
32
97
59
12
34
5
41
84
60
73
29
1
75
71
63
56
6
50
93
51
6
18
55
91
32
38
11
68
7
2
23
90
30
77
23
23
94
80
1
2
46
53
42
88
3
21
23
61
14
87
93
17
17
6
16
62
57
25
80
30
77
58
60
36
69
100
7
41
31
45
25
5
97
94
96
28
12
25
36
45
89
9
70
12
49
86
21
88
47
63
20
31
22
95
60
69
39
34
14
59
87
13
58
43
74
74
86
87
31
97
88
36
15
91
88
55
39
44
48
98
68
83
66
76
26
93
7
6
90
43
34
45
24
33
27
10
71
83
42
28
14
18
26
21
48
6
44
8
69
83
56
22
34
7
96
63
74
71
100
39
21
81
6
59
96
94
77
31
27
19
62
68
93
40
44
17
74
79
71
74
60
65
11
80
3
69
49
66
25
58
49
56
63
91
94
55
38
43
65
89
15
26
88
85
1
46
70
71
25
57
17
86
85
19
6
38
86
34
10
64
21
73
67
19
86
16
8
84
60
70
28
56
27
14
45
4
68
14
62
54
31
6
85
91
92
86
38
32
73
75
77
59
6
3
45
5
35
9
90
53
38
45
60
71
12
11
48
33
75
67
7
100
11
71
4
47
67
27
67
79
87
66
30
30
59
10
17
79
63
88
8
60
81
85
92
13
12
69
99
87
94
6
43
85
11
80
87
32
31
3
62
85
25
61
97
95
26
85
24
31
82
72
59
62
92
86
83
8
58
8
72
8
93
44
65
38
99
12
48
9
52
22
48
14
77
27
58
55
62
15
44
78
44
63
78
10
100
28
85
75
28
7
43
30
4
48
81
15
59
75
83
83
40
79
99
22
41
92
99
80
50
64
42
95
82
26
30
45
100
36
70
61
54
63
84
84
30
30
27
58
95
36
27
83
22
18
18
64
44
31
9
53
31
8
44
64
71
28
49
81
73
84
79
34
67
81
63
14
93
21
36
84
94
3
98
93
79
46
16
19
60
19
74
5
94
23
90
42
53
20
12
5
74
78
11
20
69
68
7
93
69
28
99
97
92
88
93
11
8
94
43
4
36
13
52
86
6
41
71
99
8
2
68
42
32
19
74
55
93
69
92
16
5
5
100
92
35
45
37
59
43
36
84
33
23
20
32
66
7
80
91
72
92
72
40
56
9
29
60
28
93
52
40
15
33
44
11
89
56
65
98
80
5
94
34
4
43
52
24
88
31
50
78
21
12
50
21
64
44
84
78
20
73
14
57
35
69
88
48
65
59
42
1
98
12
96
42
90
81
80
86
67
60
83
65
44
30
74
85
40
74
62
55
62
99
3
16
76
89
49
12
65
49
82
61
16
41
55
15
1
52
1
53
9
91
52
56
89
98
48
90
47
20
23
71
17
61
73
83
41
22
46
35
70
55
47
51
33
79
48
37
43
81
69
58
77
94
83
71
41
9
98
90
29
26
35
43
50
82
85
46
95
3
14
4
80
89
50
13
70
7
84
38
56
19
29
38
93
19
58
25
13
3
65
1
86
3
3
38
16
67
64
86
8
84
62
21
49
8
72
64
57
10
77
42
33
5
65
6
16
23
67
44
100
20
84
40
86
40
7
73
77
30
30
57
1
19
56
79
68
24
99
63
100
61
8
82
91
99
90
70
39
42
86
83
47
4
95
61
21
72
32
72
4
68
14
54
59
30
10
46
99
26
48
56
37
14
22
97
19
95
5
7
58
66
10
10
43
47
21
21
87
34
72
35
53
53
92
78
83
41
21
61
93
86
73
51
57
74
77
25
15
35
71
47
48
20
9
46
56
54
7
47
33
92
16
100
11
86
23
80
88
32
9
53
41
18
47
64
4
96
91
56
25
88
84
54
50
6
80
71
95
38
32
36
31
78
21
20
15
27
53
23
25
77
37
11
82
82
8
36
72
75
84
43
30
73
30
91
16
93
13
13
14
10
56
87
66
91
65
50
99
16
11
13
81
31
89
9
16
30
39
50
75
49
22
67
30
65
32
57
60
47
7
82
17
55
26
15
45
97
8
81
14
78
4
43
11
10
68
20
85
44
68
72
7
9
50
79
24
14
69
94
61
38
98
88
65
25
15
50
75
100
76
66
82
63
40
35
62
25
99
21
98
92
33
57
68
31
18
93
61
72
35
17
59
55
7
15
69
65
41
48
50
57
57
76
19
31
44
12
9
90
30
56
42
38
21
83
3
3
22
69
25
85
41
39
21
53
5
66
88
85
2
42
94
97
27
96
1
60
95
90
31
23
46
68
78
9
72
56
41
58
10
66
84
49
98
86
18
38
25
89
11
29
55
93
45
91
23
73
37
75
64
67
23
91
9
61
95
47
51
82
54
17
34
39
81
30
55
41
95
60
76
86
75
23
100
29
71
19
52
22
28
65
54
98
9
86
30
45
48
52
37
48
97
39
14
69
47
22
70
79
22
51
52
65
1
13
8
32
77
28
37
37
91
81
30
7
72
14
66
1
1
31
36
61
46
71
23
16
18
83
2
95
64
82
88
3
67
45
47
5
25
78
89
23
6
33
22
17
100
21
87
27
22
95
54
20
60
18
72
54
55
71
98
58
5
71
62
64
84
32
14
71
78
39
76
25
82
47
20
32
21
32
68
47
20
22
75
7
7
63
46
56
94
45
46
35
9
39
11
33
44
49
10
3
26
46
99
91
24
38
14
39
94
83
99
95
17
33
58
29
25
19
23
41
84
9
56
10
22
83
99
8
47
21
79
49
4
25
19
58
36
40
2
30
63
15
19
4
54
39
14
22
49
29
99
54
70
74
86
91
1
11
23
28
53
40
31
58
53
99
72
88
92
25
34
46
62
12
21
6
65
66
9
15
72
55
1
93
58
42
54
20
51
3
36
7
54
16
67
84
33
68
25
63
82
36
81
4
63
10
66
67
30
83
57
42
78
83
65
53
58
23
24
68
96
70
54
77
14
40
35
39
29
97
55
97
55
13
86
17
54
11
67
46
74
16
78
88
43
43
42
69
44
32
58
36
21
56
65
39
20
23
92
67
62
51
12
63
55
42
35
41
49
91
63
67
85
88
96
90
69
28
33
32
97
40
36
32
73
38
42
92
34
79
96
18
61
22
32
59
58
100
13
66
35
77
77
12
24
61
22
41
41
92
56
82
86
24
13
39
13
65
25
20
3
51
66
46
68
48
2
71
73
55
47
99
69
4
34
8
63
91
15
37
80
32
97
61
46
17
84
97
57
89
37
65
18
58
23
55
4
53
41
65
11
6
26
17
84
79
26
92
19
94
17
33
98
32
20
61
31
30
50
53
13
63
68
81
100
97
20
65
36
91
76
64
8
50
46
31
41
24
75
30
90
56
40
94
92
69
60
84
34
31
91
11
29
92
83
91
94
71
100
18
6
93
7
82
55
41
88
67
26
30
13
76
32
35
15
70
99
75
92
84
74
13
16
65
99
10
47
97
16
16
55
20
100
95
16
33
11
36
25
99
80
55
55
60
78
25
69
61
78
86
43
85
89
98
72
82
19
11
61
9
24
94
96
56
22
40
5
21
57
90
52
15
57
11
36
6
48
36
11
59
73
23
12
78
36
37
5
26
20
16
31
62
15
12
28
66
84
15
92
60
64
54
59
30
28
7
58
82
87
33
12
78
84
38
34
28
95
11
17
8
49
95
99
9
42
20
13
27
30
81
77
31
83
95
92
95
44
38
99
72
54
83
58
97
93
11
4
80
44
73
60
61
83
62
57
23
77
40
56
43
44
60
54
93
44
4
59
45
62
69
90
85
52
45
52
56
76
92
34
84
6
26
56
85
12
71
69
97
70
46
18
28
58
37
8
97
73
55
96
65
67
4
87
99
78
6
47
5
98
82
50
50
13
17
51
18
94
96
85
45
58
6
3
91
45
45
64
98
80
77
46
79
82
26
84
83
23
5
87
42
29
27
34
29
37
17
97
1
97
23
32
81
23
44
63
72
54
18
45
33
13
31
80
18
2
63
91
93
34
34
66
83
10
31
32
61
99
81
65
82
51
62
37
42
25
25
28
24
53
83
87
48
59
57
70
43
18
55
88
71
18
1
34
79
32
48
26
9
35
34
84
21
62
99
32
15
76
47
26
6
65
53
27
63
58
64
46
32
12
53
59
68
26
91
87
33
32
86
12
49
97
34
1
84
15
31
98
69
10
68
26
69
66
49
15
5
99
66
75
71
68
95
51
51
22
65
9
4
98
1
40
46
44
97
83
31
67
70
68
60
5
54
37
71
92
46
72
81
60
76
59
39
90
24
55
54
83
57
39
68
23
19
63
84
30
74
68
22
88
87
30
24
61
96
25
62
44
97
72
23
70
30
45
48
19
36
69
45
59
24
32
86
65
43
27
44
57
89
77
17
19
83
46
14
12
9
58
76
53
51
57
12
64
36
10
14
29
22
33
48
43
87
39
8
33
74
34
55
100
4
20
86
29
96
89
86
59
55
49
61
32
83
45
6
57
40
54
10
34
98
8
40
67
32
20
80
83
59
58
70
5
23
74
96
42
92
99
61
72
92
13
28
94
81
48
58
75
19
88
6
75
47
35
72
1
23
24
79
12
94
44
44
68
54
16
96
29
48
17
72
2
39
69
7
3
25
57
37
40
28
88
22
49
96
78
41
48
98
11
15
68
18
72
68
23
67
64
37
23
41
96
71
10
26
37
18
58
63
52
15
77
77
83
99
91
66
80
58
99
11
66
32
61
38
67
59
78
8
93
8
78
76
43
17
94
26
12
43
41
84
15
85
12
4
76
53
4
10
16
26
15
93
56
61
96
28
74
9
85
92
31
81
89
60
79
60
9
7
51
1
64
73
82
78
80
34
68
58
58
24
60
47
22
6
12
15
76
71
95
97
58
28
93
48
15
37
5
25
89
68
96
32
33
20
11
29
47
88
13
30
3
39
66
42
26
71
29
37
38
91
39
14
33
94
31
73
50
6
96
40
10
20
74
76
5
20
10
26
55
80
72
82
89
19
65
81
25
95
22
88
77
18
87
94
24
36
82
34
39
15
26
50
71
67
40
24
82
58
63
92
48
69
2
71
21
23
77
39
27
24
20
58
38
92
1
39
57
15
6
59
63
42
84
66
53
23
17
34
41
81
41
57
87
66
42
46
51
93
16
1
52
34
62
56
50
67
49
58
77
51
5
45
53
60
10
60
66
28
19
82
93
100
25
95
78
2
2
84
12
90
90
84
2
42
61
52
42
54
12
89
34
32
58
62
50
33
24
72
6
21
89
58
26
33
62
52
22
76
61
71
34
48
20
60
76
99
54
3
64
28
25
7
29
3
81
83
42
4
20
84
66
67
35
16
73
42
78
12
73
29
27
32
44
67
83
97
47
54
66
82
98
41
34
54
43
14
27
77
36
81
29
36
90
100
83
10
14
11
16
44
25
57
42
22
80
65
64
74
55
89
94
97
31
18
8
23
10
45
32
11
95
50
81
85
65
26
20
39
62
95
55
20
73
14
12
21
86
42
93
14
48
88
52
91
100
68
96
30
6
98
32
74
23
91
31
15
83
68
85
68
28
95
19
56
95
49
9
36
26
67
84
8
52
44
24
22
57
79
67
96
94
35
28
36
55
76
85
5
64
66
12
8
70
2
56
49
30
56
23
85
94
22
21
32
7
79
43
67
19
22
59
17
50
24
57
58
9
90
69
75
39
35
100
1
92
37
30
72
75
95
97
80
6
56
82
86
56
8
72
9
12
63
12
21
28
44
28
2
20
91
12
66
68
99
74
72
18
89
66
49
88
98
20
61
10
81
1
53
16
49
17
56
53
20
74
19
77
64
16
32
89
2
80
48
89
92
66
83
85
38
31
82
18
73
24
11
32
8
68
38
24
61
80
94
82
43
19
11
98
53
87
64
49
45
78
19
6
23
72
62
44
15
14
45
10
10
89
93
50
57
56
58
90
54
68
27
81
97
67
58
31
42
79
90
80
85
67
61
17
59
73
6
74
59
43
10
3
41
25
90
25
67
9
70
41
57
87
16
32
73
23
16
81
54
7
16
35
71
4
96
40
29
29
84
85
38
3
31
52
73
63
80
97
72
61
60
68
27
79
96
39
27
10
27
42
79
5
71
2
49
32
66
45
40
83
97
25
88
28
67
77
70
99
72
69
34
11
77
82
12
18
59
85
74
49
10
42
37
9
42
4
52
55
50
12
50
34
95
43
31
36
92
21
22
26
43
90
53
71
87
48
73
43
19
59
1
85
20
44
95
88
34
100
51
88
40
49
11
90
56
73
50
90
50
42
78
56
70
56
44
53
82
28
57
91
57
12
78
73
81
37
69
89
27
16
32
58
23
64
45
21
56
88
17
55
67
47
79
50
82
38
82
13
97
10
69
33
63
7
28
91
92
98
56
99
38
81
66
21
89
4
16
11
63
93
70
7
4
23
59
11
3
97
65
96
26
14
81
44
89
24
56
34
30
24
18
65
75
40
93
41
7
32
80
12
60
27
73
85
57
5
36
18
84
58
90
12
11
46
81
37
94
99
6
76
20
98
53
80
97
94
69
33
99
92
84
87
38
56
35
31
94
5
3
72
34
67
27
30
2
22
82
95
91
49
27
80
88
31
21
74
37
76
31
93
31
27
52
49
89
96
97
49
55
13
35
13
73
88
55
16
81
11
35
98
9
66
3
17
17
59
54
58
78
57
55
59
47
95
78
85
37
41
58
47
24
8
